1038.05
1053.31
1119.92
1049.38
1038.33
935.192
974.799
964.909
1046.4
1047.49
1039.68
1026.28
1071.45
1080.28
1102.04
1142.26
1132.8
1124.33
1183.28
1176.21
1175.65
1188.05
1186.58
1205.76
1200.85
1169.01
1167.81
1172.48
1183.19
1193.99
1211.68
1209.93
1229.01
1221.54
1232.13
1206.77
1250.35
1265.3
1281.09
1317.93
1316.84
1321.53
1347.91
1422.5
1452.84
1488.82
1533.93
1555.89
1578.7
1596.72
1723.03
1754.51
1780.69
1847.56
1723.97
1796.03
1804.8
1741.64
1735.58
1828.84
1900.26
1985.77
2075.53
2042.66
2149.53
2320.82
2447.51
2323.44
2204.82
2027.72
2157.05
2248.67
2159.44
2289.12
2401.8
2481.16
2557.05
2522.07
2679.51
2868.07
2735.64
2805.79
2813.33
2950.99
2964.08
2672.34
2720.72
2502.58
2459.19
2519.58
2656.57
2547.97
2594.12
2718.49
2693.21
2704.41
2740.77
2610.05
2589.86
2421.54
2536.53
2582.24
2541.86
2483.7
2435.57
2511.31
2567
2602.27
2602.12
2610.6
2520.75
2567.87
2517.59
2366.4
2340.78
2399.01
2360.24
2226.36
2007.37
1922.72
2225.04
2329.8
2283.08
2801.6
2665.27
2810.37
2731.29
2757.5
2571.07
2527.5
2671.57
2809.01
2729.69
2752.85
2872.31
2713.63
2711.93
2802.24
2899.33
3253.94
3218.02
3374.01
3419.01
3345.37
3391.23
3654.33
3883.17
4062.87
4306.43
4181.96
4374.59
4349.1
4128.86
4202.15
4108.93
4001.47
4099.95
4149.94
4346.28
4367.18
4333.51
4379.94
4381.98
4576.33
4568.66
4704.98
4879.76
4568.28
4581.11
4224.22
4384.54
4593.39
4603.03
4224.81
4232.76
4122.58
4163.2
4141.68
3880.49
3153.86
3638.95
3620.74
3583.22
4056.1
3928.4
3917.47
3631.03
3635.53
3796.46
3689.71
3923.13
3894.73
4199.28
4177.53
4128.299490565
4312.820212865
4361.139973296
4384.188461181
4311.980090613
4235.080828484
4311.095697472
4349.048323372
4401.216587405
4594.79146643
4778.265492237
4770.680471294
4813.907853771
5451.116000713
5648.555273456
5794.824898453
5671.364511749
5715.959489158
5608.72041308
5586.322399706
5666.941921215
6000.942901889
6035.445672707
6018.877566805
5946.926591898
5526.928735913
5725.302354213
5897.44143375
5752.4485646
5739.102224984
6146.589797876
6086.122428903
6443.118173836
6751.169850192
7083.6023655
7207.199066492
7391.414501478
7392.794234066
7046.31279989
7168.998589105
7486.64879677
7149.000472163
6613.680938331
6356.625594187
5991.383038848
6577.853346834
6647.346079806
7322.818342661
7849.171538248
7738.847173785
7786.062737767
8023.985992887
8216.796397136
8100.19521598
8235.703376596
8079.707292324
8268.087281862
8820.874113671
9359.825973887
9845.460026237
10165.721114119
9780.735747872
10273.825569864
10967.664817444
11052.132884524
11304.617026381
11645.096035778
11896.907904795
14063.249148977
18074.175480727
16592.803823287
15082.847365234
15565.861910816
16774.994581389
16798.025540273
16225.024397943
16454.932615977
17650.289757329
19427.474509164
19156.710367786
18931.204938959
17700.778424238
16599.691361082
15621.411719764
13693.825728522
14181.532063374
13812.876812572
13965.211657038
16101.495551933
15783.753081556
14432.831059998
14598.572319084
12732.356011521
14033.567993366
13577.188554957
14938.176676247
15079.15218495
15163.898947535
16989.161481747
17162.016412946
16515.287371965
15218.632857746
14710.596362322
15065.002517675
13501.981444344
14089.112033817
14552.77603151
13815.429666612
13769.216435276
11445.849644238
11139.592088881
11305.307396791
11517.129950568
12961.205660273
11481.025132436
10917.306414711
10800.472615701
10821.591111563
11219.436704426
11123.950152867
11446.468733025
11865.231885092
11348.083790888
10084.495241595
10236.675068931
9171.249368766
8768.328114939
9191.270887881
8256.583798421
6905.959542551
7768.942754801
7587.933554388
8256.155151159
8684.106762449
8624.238537612
8099.307365642
8863.25280634
8577.572063714
9505.15
10117.074989492
10245.308854663
11095.608602104
10576.175563517
11191.902658673
11446.215061411
10680.361706517
9987.171846325
10348.067628802
9843.276427204
9699.647408137
10371.772676836
10736.490533616
10412.024007874
10929.765497461
11095.091955664
11494.898944222
11516.383565834
11527.568787431
10697.57229427
9968.268316381
9433.592923413
9345.521676052
8894.85712022
9570.367448236
9216.378705589
9208.440502074
8262.032897029
8291.944665773
8315.139162841
7906.383969743
8092.439641691
8588.661985749
8892.783654103
8978.018989541
8721.57
8865.051157414
8661.018753079
8466.556129044
8187.383924464
7828.22173159
7954.826953349
7178.058622813
6880.453143775
6955.124517538
6830.630577316
7061.622525898
7454.691790393
6840.936109893
6819.726657106
6637.296686235
6894.151859073
7000.923354625
6772.871609032
6844.301557074
6932.843296341
7821.822516784
7866.931622664
7910.243775102
8301.987534486
8038.471104588
7889.503630474
8133.862763488
8280.643109928
8813.044081412
8884.348603911
8787.210205792
8924.023356307
9715.110087646
8846.751894883
9268.527836866
8974.089790534
9337.281362637
9413.40930469
9240.335679495
9096.810021871
9236.704388957
9769.29029264
9718.724265271
9864.060648696
9666.853489071
9372.87800412
9233.687914131
9327.374046577
9037.392111957
8422.663809755
8488.213129483
8699.820502933
8740.312767923
8515.70113433
8343.900225706
8088.947899194
8236.681883593
8225.333518556
8499.122900226
8399.115042185
8032.093710758
7570.538188039
7576.278751944
7488.63722059
7349.788651908
7363.936760174
7149.250597223
7474.562016474
7411.621917051
7504.038586976
7525.473796775
7588.637727714
7684.931799179
7505.890508055
7612.11517624
7577.593404507
7654.789136027
7622.637061001
7559.667408968
6797.078904208
6847.943670812
6558.514878298
6308.396028075
6649.438347225
6473.773490579
6505.755311335
6461.213024688
6700.596020849
6722.636752661
6734.137827984
6711.941657499
6071.720089041
6156.30026398
6149.117943358
6238.074118939
6103.030719908
6108.694145794
5912.435445858
6127.560923281
6376.564855317
6364.401841845
6595.968717111
6534.644902843
6603.099908979
6532.499354404
6600.606900537
6718.701013051
6711.756799934
6669.998510267
6319.835609607
6367.687185252
6202.44217648
6215.784717881
6250.050406982
6346.599550754
6705.492443642
7317.330033998
7353.8838511
7443.660645781
7329.843347761
7400.986497236
7391.747573501
7712.930731944
8338.940620443
8179.363887184
7933.673932412
8158.491093936
8195.281387616
8211.614334805
8181.184913701
7752.144491811
7596.721802762
7551.49315296
7422.438043343
7017.844894334
7041.990104397
6935.713091899
6732.826689952
6281.517374106
6563.764604497
6183.831055963
6293.915942247
6342.511734015
6284.92811516
6207.117520201
6306.298266436
6329.697340344
6587.234439279
6420.01687876
6509.31191253
6291.971191501
6482.48093953
6376.530713944
6528.524414941
6709.592961125
6745.155572979
6705.158422661
6883.391276755
7082.637385337
7036.643093597
6973.880311672
7018.264049857
7193.248733149
7277.239549473
7268.864742887
7360.98929488
6714.906124526
6519.675094919
6436.841435103
6214.515450407
6277.682276629
6330.669843302
6306.694006415
6359.149644814
6501.145617091
6509.223085625
6537.211073285
6512.152477693
6274.229073713
6363.858466904
6397.127391665
6497.019131212
6744.696981129
6707.238115315
6709.838127072
6586.794101812
6438.627759085
6479.083948142
6676.851172975
6641.955562713
6600.212125391
6619.480812488
6596.018098435
6534.415120759
6505.256155789
6574.045631876
6626.550323225
6590.995725832
6595.637641947
6657.272477736
6646.658367487
6599.428020639
6252.437099217
6293.904829722
6325.159138957
6321.8112547
6576.759500825
6552.077684632
6520.256440785
6479.295676487
6455.395740132
6461.901010679
6475.861331941
6466.252677658
6423.905003506
6433.06547953
6420.365572797
6416.40587187
6416.188304748
6406.221101405
6252.273570761
6284.585338842
6298.837501112
6368.306136028
6407.751478732
6387.917030268
6456.241631256
6413.987438447
6428.294584816
6526.82015405
6468.139285876
6397.943422909
6399.518804388
6407.676509173
6364.393922101
6371.36748622
5747.076678785
5654.723204018
5627.478696853
5631.540424004
5647.479577306
4893.020432943
4470.86406818
4609.512683654
4377.545769831
4374.323226658
3894.620254339
4008.329435561
3801.729366908
3835.016589512
4256.464556195
4295.392322703
4030.04449364
4208.46972294
4143.979048443
3905.390426541
3959.996646343
3778.644100458
3530.420581097
3424.127676352
3465.344048723
3586.572260842
3464.835870669
3394.21870318
3471.915386863
3314.35176623
3236.700910153
3244.865925479
3259.040241951
3520.007340181
3671.041341474
3719.296166218
4103.258581528
3872.495181716
3985.947864559
3980.147519
4049.134021718
3789.436638331
3833.455304379
3651.165345688
3902.734263248
3832.098961469
3863.165983794
3746.123952537
3851.181614039
3938.625960795
3843.996640326
3877.816631752
3866.004563615
4085.907581678
4036.958448354
4030.989305544
4032.575390529
3673.215707318
3678.691683579
3668.24991968
3553.227143057
3705.942605786
3640.207438973
3658.246729748
3684.253014929
3653.185376139
3735.953787486
3583.507435701
3547.119997129
3608.383961607
3592.901430874
3601.873910558
3590.982706471
3595.147523761
3575.69534679
3462.059067174
3438.806393391
3470.828260383
3447.812768646
3474.400614406
3502.072822894
3451.480647199
3453.03218375
3463.442822071
3405.55894369
3382.947413684
3632.621063544
3648.622398485
3663.532766717
3615.969569845
3608.1455686
3590.146720852
3577.371359712
3596.820721532
3599.138222499
3630.26901901
3858.949361197
3893.270396548
3918.389585518
3894.540736483
3970.590294199
4123.668788587
3807.506663628
3868.161644161
3842.992706537
3841.615656283
3845.258312799
3834.290290069
3848.655865347
3881.076222168
3755.244533692
3855.0028053
3873.668095745
3888.248904326
3872.141156369
3931.895283308
3902.80646271
3879.103312128
3901.113915142
3895.619863392
3900.376687091
3928.041328852
4024.229285339
4007.166919858
4020.470961551
4039.787113996
4075.319876766
4024.283201515
4017.939706485
4034.593701872
4024.480055518
3969.701717355
3980.620043073
4069.689197198
4061.003062397
4128.954215703
4164.621319669
4202.588398158
4202.125149714
4888.060144806
4981.380898514
4924.082434374
5029.810426006
5066.740036243
5212.309923024
5303.985428527
5235.702335987
5334.16546243
5055.483612262
5090.02691307
5132.674495269
5187.562407627
5114.800175994
5280.621477906
5271.109695488
5309.256996284
5317.962149987
5363.756655489
5349.866310892
5417.509437289
5591.93356269
5484.270138274
5241.366292456
5264.272697961
5274.514196298
5293.938255503
5258.677411088
5305.984482131
5388.818932923
5485.782605123
5734.732073665
5820.358392055
5779.333068834
5742.762539512
5855.204284185
5973.935495865
6187.660821162
6386.691489533
7235.877636404
6992.035883656
7813.193116445
8028.236494406
8181.247379068
7918.875904937
7382.337789468
7332.609911221
8186.662732404
8004.459953952
7984.314133126
7744.861886829
7919.729554358
8021.477876494
8104.73204645
8736.628563948
8857.096555519
8721.6157416
8672.98537276
8380.86840038
8606.278615403
8596.109824225
8781.231372894
8362.955080545
7760.01105779
7860.506170985
7846.273224235
8070.900978356
7974.683977197
7750.808728267
8000.570019137
7962.756329737
8159.590368523
8286.913173816
8696.970842738
8859.597053629
9025.723641831
9328.082235709
9125.090764169
9311.883211721
9589.390555221
10162.203698127
10719.807804423
10880.051309618
11013.963603928
11810.127825701
13112.782536123
11237.076652763
12482.409959829
12097.567788411
10912.255934044
10638.003271271
10818.18811951
11943.629838735
11221.25555658
10980.083327779
11266.401344947
11441.622695658
12248.874131725
12545.445221221
12147.697759751
11376.679394568
11776.082435848
11397.161429518
10288.853124064
10885.588450999
9499.558669446
9643.71473555
10629.023332162
10511.695476388
10764.700850569
10596.355696901
10338.58841438
9916.381213641
9807.414231018
9904.696184087
9845.987421977
9464.99772889
9545.094701172
9533.580410388
9581.211677756
10080.086121152
10365.984725445
10523.946375083
10806.817073981
10948.187619903
11782.652143549
11497.062684201
11976.654827569
12019.255358112
11857.844469936
11342.468601716
11555.775899235
11398.762190123
10920.980312582
10010.249937915
10296.600266166
10344.507989693
10220.070168212
10331.467108077
10890.253796002
10751.857323258
10136.964618751
10123.994480368
10385.507551618
10142.839395055
10118.399575204
10374.876617245
10219.413373246
9759.791528413
9493.755389208
9582.255357778
9609.787647368
9716.721909689
10329.859051573
10603.095462993
10578.320209569
10574.499542005
10339.455631575
10477.09483846
10410.187644035
10322.057607889
10132.544804558
10159.720473324
10387.514841215
10346.599194957
10353.549798216
10313.443525982
10268.657984963
10208.165817936
10164.101904869
10241.608795395
10179.862230841
10006.065330833
10050.187541129
9719.397018609
8588.424905857
8439.846189898
8077.936354442
8183.569872359
8208.59598768
8068.668738286
8269.028681584
8294.743596648
8361.919233145
8232.129997665
8155.655358897
8130.134393189
7876.455217631
8196.151959898
8189.796865126
8572.837276209
8556.950238475
8272.024050522
8314.921537248
8294.599727264
8347.201506449
8174.781558437
8008.809279101
8075.178241452
7955.464770683
7950.124307851
8202.005472651
8212.771665108
8040.006228697
7469.521062846
7440.037915254
8651.134449573
9235.929531419
9544.094411496
9234.267438557
9411.88531791
9162.391745136
9154.923648472
9225.753942278
9290.257018683
9205.743201034
9389.905541185
9311.283796968
9329.520807093
9219.011987478
8791.640946347
8818.43226403
9043.004448601
8732.15412281
8801.603779134
8785.801622778
8662.422431497
8474.539001785
8497.411044782
8503.04943466
8211.78969301
8134.769580205
8097.187492427
7631.016803397
7290.351827984
7316.797514649
6932.313157281
7133.946457871
7169.264737836
7502.033156435
7442.795357732
7740.415549447
7548.613483041
7417.184161887
7315.108656927
7300.20831055
7216.45616286
7386.51006291
7532.61098739
7496.125957769
7516.676668173
7350.418118369
7233.814525048
7199.716155364
7202.46079296
7255.126876879
7078.955218817
7120.922417547
6902.888387618
6624.129257675
7275.754883601
7150.376098438
7185.155243857
7138.888883851
7482.961455839
7329.609333692
7240.62033283
7205.3806879
7211.341193713
7246.422424633
7312.04457
7386.37606034
7245.988922674
7202.624250734
7213.918462217
6968.274896337
7317.184074338
7358.491964047
7352.362745092
7764.21795016
8155.216395206
8055.759827258
7829.063239858
8160.41356717
8024.791558571
8164.590607768
8116.969510017
8838.564861799
8807.632433908
8722.037088492
8921.648280804
8929.544856857
8697.342225048
8639.196220239
8747.381850419
8672.801078606
8391.607956581
8440.287025972
8366.208771054
8591.002875698
8895.603627951
9334.836393301
9304.918063766
9503.267999973
9336.132884714
9386.105651619
9339.574889161
9302.36265841
9187.070016251
9602.309743074
9754.07841167
9820.295541559
9899.911944208
10128.750275518
9869.436911635
10229.700902488
10327.554589217
10225.415261826
10327.512334976
9903.077896912
9969.235680452
9711.996027942
10144.896496497
9621.766805943
9612.39263243
9683.453205911
9667.521623153
9923.659319612
9664.370231955
9358.388620384
8829.543592945
8775.595015544
8731.610771305
8569.467784718
8557.504357584
8900.068550262
8772.476036802
8749.500221929
9051.139212389
9129.266627707
8898.942077756
8042.736084463
7915.672114634
7900.821325967
7931.347542963
4724.392684378
5518.647280507
5212.979297886
5381.745246919
5022.578106242
5362.320406925
5365.581534299
6160.004718461
6192.309975228
6149.79835117
5843.158786255
6467.459038287
6736.044984352
6681.336594453
6736.291779135
6377.749563627
6239.838831896
5917.297073238
6424.078447239
6431.262412871
6598.287014759
6807.465142308
6733.747734803
6847.730054844
6789.732164723
7279.161792257
7198.770191509
7352.328771068
7293.584360283
6859.8337374
6869.586551932
6977.230635882
6837.422539886
6856.179093865
6637.791815543
7088.799491826
7034.54035767
7233.157423116
7133.148679405
6856.78595335
6851.005362273
7106.551177031
7464.891126761
7497.353392645
7535.263896666
7665.828318069
7766.689761497
7754.222425558
8759.789190303
8607.329832118
8832.98125113
8974.922892482
8894.362674812
8883.30678116
8967.997704233
9198.252700851
9968.105282228
9822.88562923
9570.005987549
8745.152545192
8593.856494464
8792.063767945
9302.896540995
9772.561575826
9293.972171086
9380.484219264
9667.578396738
9733.739136589
9761.178765113
9524.434063671
9073.693078891
9160.705420055
9180.527996785
8791.793685125
8897.213209214
8850.354200037
9165.144673701
9536.159368896
9418.133839887
9693.552426994
9449.860914083
10177.770353698
9538.727853222
9652.629014484
9803.990305736
9641.917174627
9662.323105336
9742.573822416
9773.301577068
9769.869087608
9864.561413157
9314.378159997
9460.375484512
9463.820529397
9352.845602064
9421.652179904
9520.484680768
9463.405493001
9401.552893373
9305.901804693
9348.977142148
9289.89379981
9685.845286855
9614.94360605
9289.303604875
9254.748295924
9165.503578236
9014.22427198
9118.117533044
9180.15902631
9145.560607003
9225.668161404
9084.054479317
9065.57798453
9127.518466541
9072.772592194
9342.540315737
9252.355179756
9420.350154587
9240.366175725
9278.447734235
9231.320100491
9286.726084869
9247.107825483
9254.20447377
9206.764838048
9137.239203353
9155.773355258
9170.802680627
9207.816995889
9164.069788541
9385.174346234
9518.901022149
9592.963304038
9545.046629108
9686.12071608
9917.359473893
10996.536599024
10895.733957139
11073.297879589
11109.23106292
11334.58546549
11800.389870165
11073.607655717
11246.255476837
11194.554614509
11732.927950313
11780.285372344
11583.159273747
11728.585226911
11648.083166166
11867.866490683
11395.405816094
11576.814266862
11763.009141034
11742.876373856
11865.383052744
11892.68092121
12285.936628884
11961.994599784
11732.405565665
11866.595191214
11530.919234185
11681.15792601
11653.407286706
11763.761713068
11361.554816122
11463.567970252
11311.240202114
11496.830217387
11485.101567395
11697.794368445
11655.998698678
11921.754916292
11399.148968018
10215.669958645
10473.519453043
10129.786654306
10257.229742702
10356.444382971
10112.206366256
10214.15437465
10334.638647185
10374.778150971
10438.37739278
10315.666411066
10665.113719053
10782.99980322
10946.921228692
10934.419674311
10916.970917053
11076.850892878
10914.687407947
10427.87773384
10531.351535286
10231.051311501
10731.532396808
10683.395234217
10739.742577529
10766.522449088
10702.472833045
10839.962683468
10766.814094563
10614.303326871
10566.494383933
10541.32189207
10665.698551049
10784.67081854
10604.446854355
10665.252260679
10898.551843619
11066.190869882
11294.994190302
11376.435109896
11544.137639625
11423.480015091
11426.367479344
11492.615897338
11312.662784187
11368.484736962
11490.015808249
11748.376783365
11910.242112809
12808.795951863
12958.537189204
12929.022175701
13117.174729466
13020.811715896
13065.536025938
13651.54050526
13275.481261315
13443.531522235
13568.837248108
13795.526547596
13735.006857626
13576.968475843
13973.248876644
14132.96094433
15558.525408402
15547.052549124
14821.983251777
15499.081293284
15326.156847868
15280.16349114
15687.480248155
16279.270538159
16316.137259339
16083.588047602
15961.34578839
16725.110727362
17683.759275981
17827.839147466
17806.276919319
18641.285031419
18709.05738082
18413.52696735
18374.452581293
19121.511413257
18770.202102024
17072.810341953
17076.842021809
17707.715790133
18162.123474769
19721.874730214
18855.043740295
19201.276130857
19427.95495995
18737.192660312
19127.656824482
19336.692554651
19190.037781381
18325.054202865
18569.987699691
18261.878450329
18062.118986906
18804.794708687
19169.338451969
19270.746809811
19434.070313033
21367.096307987
22823.459093674
23113.992587247
23844.568074264
23516.402834426
22882.157922681
23801.640166626
23261.78519646
23733.030486264
24652.036519447
26446.973570052
26326.481838017
27147.366752087
27392.54054504
28810.020485478
28977.96181814
29300.190935827
32093.264962249
32877.607282615
31973.832153912
33965.160423041
36904.218251055
39493.128514839
40703.290535401
40129.000498579
38299.01960037
35569.722698726
33949.396834015
37359.33215959
39304.686213759
36678.950398519
36178.180209501
35786.417028053
36714.843204834
36177.487494105
35636.110992082
30892.802357827
32836.135575065
32045.83959395
32261.744350118
32272.783841286
32577.768696891
30305.343778842
33117.572836963
34241.186845666
34333.107938735
33136.139470858
33513.441195617
35507.127708897
37551.934350785
36938.034865347
37945.964473995
39191.507551212
38888.638236331
46225.496408246
46511.520580186
44866.502278149
47680.424437754
47622.56892074
47056.769564544
48673.329709376
47981.977492583
49261.050774171
52127.620932861
51656.846873218
55795.155052979
56008.787435495
57367.946141722
54153.655191753
48514.382154476
49577.667053636
47372.377990661
46205.257719958
46202.313746958
44986.744834586
49557.936855621
48245.59608153
50593.579779577
48523.779583539
48901.915683951
48884.800434591
51409.226747725
52326.862441311
54759.461685978
55998.739272912
57633.699811129
57278.155019056
61297.997385093
59380.018943745
55723.949158947
56455.998436302
58711.978740212
57687.520560171
58091.623667025
58219.82
57392.205695478
54249.990775698
54599.961810643
52584.785401622
51412.192011042
55002.769793935
55917.880112079
55861.95
57664.850966586
58693.948561784
58719.454369704
58755.615177915
58963.327596364
57139.137960369
58215.19
58777.739363776
58093.238332403
56073.471560786
58019.88
58159.44
59747.436800736
60018.28649422
59940.53
63528.48
62628.975942463
63183.14
61504.768623643
60078.27
56037.128717561
55653.244867317
56363.62
53889.33
51843.679797905
51020.041151817
50007.715949987
48987.681638512
53954.40656687
54924.014700428
54766.539300399
53610.429064522
57758.646931212
57793.518868245
56563.76
57211.408640625
53329.387643742
57338.36
56484.49
57339.55
58711.172030754
58169.727616902
55772.281248757
56721.833840935
50482.434481737
49655.621033883
49884.92
46786.61
46395.05
43590.922172391
43019.774295314
36974.614735375
40389.77810720434
37242.94270458837
37555
34834.68224245205
38619.39710028808
38165.78817561584
39184.76165413112
38479.69228455568
35670.7
34523.41
35618.15758307902
37303.750088697365
36606.39
37622.43
39152.71
36908.14
35510.26
35781.01
33550.00408032163
33369.1380606844
37345.044921562585
36870.06
37200.35
35538.3
38990
40499.97
40204.51
38290.04331721751
38082.08
35577.47
35635.38
35648.517163470904
31606.39
32366.97
33646.15
34580.351177004355
31708.50892795173
31858.58
34579.03
34439.12
35840.386468477736
35060.428966375206
33628.67
33846.0070871488
34698.303128850115
35312.38754419704
33866.5447497376
34106.80638064917
33867.4651242288
32837.96027303372
33866.19638187796
33548.81732712989
34249.77403858005
33219.35200045253
32567.5725146342
32776.13963032397
31641.44704569291
31385.55
31570.17
31813
30851.95
29759.93
32142.94
32338.55
33506.09381526193
34211.77
35227.35
37211.42
39184.61
39999.97
39993.53
42094.78
41700.996741679664
40120.70071620807
39153.01029453657
38255.05
39772.47169848371
40849.95098301631
42792.78790278553
44665.77153480004
43780.238803238186
46265.47427585355
45543.91666426932
45670.172
44434.3365
47799.9721162026
47053.5097
47057.4919
45906.7425
44569.5598
44856.0324
46666.8683
49270.61314785449
49000.4242
49223.9471176446
49486.4032
47734.0314
48939.9658
47130.6185
49005.9495
48864.0249
48876.7643
47020.6765
47225.2696
48744.6322
49318.558
49987.63656811707
49974.09727500616
51698.7267
52639.2443
46881.9971
45972.9463
46319.9526
44833.0831
45096.0509
46058.0015
44990.02141158837
47012.9104
48092.9703
47816.2504
47197.5518
48210.7774
47201.5018
42966.0101
40538.4344
43579.97297674777
44844.228
42748.0353
42718.93784111034
43209.8655
42278.30996239119
40909.3105
41543.6399
43797.59220008473
48080.37283833829
47710.5155
48144.1454
49176.7613
51545.04936807646
55385.44519072514
53809.13817103468
53892.9323
55102.17221375232
54689.5713
57399.22646992879
56035.85825462517
57357.6067
57351.7384160736
61526.33413298988
60860.89183706596
61582.25155249131
61953.2331
64217.0839
65986.30293718613
62298.093007718286
60694.00000650834
61238.6222
60849.61639879063
62989.54469958203
60396.4959
58681.0152
60438.74647138581
62220.293663782926
61661.28735236688
61339.97564069321
61065.0310670206
63175.512385758026
62941.48199104164
61367.933830973
61026.01799193046
61416.30848197429
63180.13308079259
67500.0247355689
66913.3364
64871.25216133435
64800.36101601352
64315.36363608923
64471.04361778848
65255.04686152799
63715.76977568518
60189.9985
60338.9249
56749.2716
58046.889146434674
59815.37361026729
58681.09230984937
56369.5245
57672.52894264075
57103.4606
58907.050757878096
53663.60159320845
54487.450221164974
57158.66834037815
57876.49423835674
57030.12565284342
57173.0795
56405.66892064036
53708.6772
49014.11287550163
49217.9124
50453.04698120852
50559.947613629454
50471.21695775764
47834.99429351777
47092.3307
49286.3666307345
50116.99176196779
46745.6254
48395.29567064738
48787.2417
47709.1644
46305.32715138494
46871.01844345239
46686.4963
46878.42809013247
48938.9095
48648.506046031885
50795.70373249395
50771.9277
50629.9812440385
50799.97886066186
50650.17144492962
47637.8884
46408.30267099845
47161.0092
46304.9495942002
47544.4994
47313.6322
46424.346
45884.4596581148
43529.7281
43119.06385915039
41512.9242
41752.9299959346
41880.90095265793
41786.2184
42674.2972
43900.027
42580.3303
43068.7265794597
43145.3076303167
43104.67712592442
42199.0091087438
42352.1359
41676.49877717717
40673.94411547012
36400.668
35015.93463281712
36231.1426
36705.9179
36948.63102657288
36775.52950357352
37201.84234665862
37784.7229
38131.8236
37937.339
38472.00623585542
38761.9683
36835.9015
37027.78
41653.56035863469
41360.0538
42388.07234245959
43905.99797776678
44082.39258092253
44283.9142
43524.3779183224
42377.6527
42126.3511
42235.5136
42594.94190251804
44602.5315
43997.7116
40491.0412
39976.235950323
40112.559528975085
38464.85279732303
37003.15355791065
38302.8439
37287.4863427188
38296.16592688904
39219.47675700127
39033.5353
37714.48388805459
43181.1437
44359.8712
43938.47684298478
42450.88343194115
39120.04239886125
39409.21246875248
38385.18524878165
37991.87947414978
38724.82008947423
41955.06531614912
39461.35101564641
38770.045913321446
38875.98604571685
37824.35153256323
39599.024365049096
39302.01678630948
41147.27988596017
40958.22516015476
41767.098165348754
42166.22954211902
41252.05198823504
41051.83345848992
42376.74421839415
42925.97797981788
43948.891125071685
44365.18255014108
44533.21741974338
46842.71955202185
46888.22115087928
47498.66565132898
47100.45937112435
45540.826387141926
46231.00475940512
45845.95756165472
46430.696713233774
46605.60296925792
45573.53741324558
43138.51946866405
43480.17472136096
42283.4292
42788.71116404083
42242.7841
39456.93304169156
40169.21512314615
41160.0481
39909.71686623459
40558.127
40386.5108
39678.0001
40826.6711
41504.4185
41363.50366362778
40528.7777
39757.5541
39419.5301
39479.99697027191
40475.27521135543
38026.746255595535
39248.43928178208
39749.9386
38592.0044169865
37660.452922140656
38467.094
38503.90959019409
37732.2997523189
39699.0339591762
36568.7596
36033.0634
35552.564
33933.54281002884
30363.865616615807
31024.7033
28984.5358
29130.0386
29250.004
30123.7756
31333.765617069977
29880.548164234533
30452.624328329548
28760.1539
30376.331478606928
29234.032909858925
29449.985559922392
30366.04222096173
29114.081131154417
29674.1123
29557.533735644305
29353.619262832577
28606.47447261681
29047.060268766745
29445.7241
31720.0295
31852.83438318997
29789.42113357093
30441.46505023028
29717.55804641601
29840.075215941404
29909.210373336216
31367.42259841491
31193.0692
30204.54858260606
30111.70675013388
29082.531950308585
28399.9749
26704.72935717625
22509.0994
22209.515
22490.59072731445
20383.6889
20468.2145
19007.5031
20554.9027
20672.8011
20739.94338571921
19976.053591349224
21075.1688
21279.532329177902
21499.971037134244
21029.2163
20732.9834
20293.4508
20101.12
19816.746359929737
19336.1044410867
19246.50948842687
19310.0755
20255.6454
20185.96232827533
20557.53554927252
21647.165928409104
21801.082205426865
21592.741748203127
20857.655837364564
19992.2945670274
19313.260763230774
20187.1528
20587.5358
20831.31137190196
21192.113672852756
20769.40225729633
22440.036584128276
23407.3451
23244.5742
23180.0875
22701.085
22471.31570306779
22600.784714066285
21340.4673
21206.715243842376
22943.12042341547
23847.01344273555
23746.2734
23642.243234107824
23314.4296
23311.592835340976
22963.82553778134
22812.3048
22635.52000440668
23225.78974753206
22938.3603
23170.70241754182
23792.955
23158.699095578173
23940.204499589338
23928.9778
24395.938
24427.973183996644
24323.00216934842
24146.6057
23889.74606019501
23311.75914654047
23206.1852
20840.72427084073
21163.40850256323
21515.7063463541
21418.635
21516.130821435567
21378.104807932155
21591.284830139277
20215.51485489009
20050.5705
19606.7351
20280.87117577155
19768.0653
20046.9471
20145.5884
19927.5466
19834.795622562902
19975.30810008814
19808.0959608095
18812.061036941635
19275.303555717022
19318.4204
21370.64087141258
21661.704
21789.452410620557
22387.938627526622
20172.39245600376
20251.71983492235
19662.3883
19756.26818587181
20123.640551657223
19393.59390761989
19576.637199316803
18873.2005
18501.82049448783
19429.13269379256
19245.96941762079
18931.734111634152
18814.0516
19238.7536
19098.479820191485
19399.488779047188
19593.33746227512
19449.60773627301
19305.1719
19035.34988309635
19610.3879
20339.726
20168.6041
19948.22190296553
19533.02824919708
19401.0105
19436.3351
19135.374021730353
19045.5416
19157.977348440414
19380.689298843845
19191.0274
19054.8847
19259.620646181156
19558.1117
19351.0697
19124.9892
19042.9309
19166.3286
19202.852966626626
19548.7249
19335.3937
20110.87556138642
20754.023972750903
20283.97974929017
20608.2579
20811.988365564033
20621.7479
20504.46022827177
20481.5549
20151.523076525573
20208.596506640253
21156.078
21281.5851
20913.0539
20591.7459
18528.52092702272
15789.342422998143
17590.41467373285
17104.1984
16802.1943
16349.997597081689
16630.63746440169
16894.9265
16673.507711410086
16690.889527338422
16711.141784652442
16715.838593288543
16291.4477
15779.971701749892
16174.9574
16615.2292
16597.7313
16511.91127766036
16461.1945184485
16432.36461511383
16212.403248220657
16436.1924
17188.63467960707
16956.1893
17088.4265
16903.723625317816
17130.165329487445
16959.336063823
17088.37611635709
16838.047473161492
17254.841595411017
17123.38672774531
17114.3405863705
17091.916535641005
17220.814535119767
17766.350552594908
17799.16897417585
17339.458270551433
16608.4932
16785.892297944447
16750.765809591638
16424.79671324863
16902.54219033073
16806.416495870926
16822.062144857282
16780.463676220097
16833.8821
16829.918403840365
16908.94843019802
16706.459709721472
16549.98326575003
16641.44486445416
16603.751952657036
16538.3479
16607.069459238443
16677.44994353439
16675.90903725487
16857.282709442374
16828.8464
16953.972066580434
16944.5396
17070.574511476352
17194.77873456542
17435.7516459177
17939.362499760573
18858.6646
19913.729474529402
20983.9756
20856.05839135823
21171.04828454444
21157.189612933496
20686.510419770384
21082.058204303703
22665.7507
22751.6074
22723.9532
22944.9201
22614.658440741397
23125.7229
23007.8352
23051.2708
23007.4396
23775.9829
22814.4792
23153.2004
23706.0643
23484.9488
23429.76
23315.8076
22938.184691051243
22747.465
23261.2186
22949.2132
21799.182107847242
21648.2846
21865.7753
21753.753226727626
21810.9904859392
22200.0306
24324.464026285455
23531.7304
24558.3155
24644.0369
24332.2815
24797.2219
24426.1719
24192.9805
23949.1025
23197.7565
23170.0132
23531.2037
23508.264699161653
23139.076794118864
23659.4001
23465.2689
22333.76670186151
22339.038009541902
22434.9936
22409.4946
22195.0144
21692.94462722918
20355.8604
20133.73982352463
20494.9368
21952.797807966082
24063.5624469319
24694.6951
24276.665892428617
25011.182
27310.1766
26891.627969119265
27911.812
27688.0737
28119.54921069888
27273.8081
28318.2186
27415.93409438389
27464.6126
27983.589033995435
27157.5701
27259.2207
28370.7692
28031.595199453346
28467.19662927388
28464.81401778217
28188.1801
27761.458669183034
28149.6814
28176.3891
28019.7398
27902.2577
27934.0372
28321.8616
29609.8284
30230.0732
29877.417735909105
30359.5812
30478.2924
30297.83114427585
30304.87458079287
29413.96
30366.57
28804.98
28267.17
27274.5
27820.65
27588.57
27529.2
28326.83
28376.59
29467.27
29327.11
29216.77
29310.54
28084.46
28639.58
28998.8
28820.66
29529.67
28864.28
28443.05
27692.99
27636.66
27624.54
27002.28
26791.96
26789.06
26906.17
27192.17
27025.77
27402.68
26837.94
26866.88
27110.53
26751.47
26851.39
27222.75
26336.63
26474.02
26703.21
26850.79
28100.31
27742.37
27682.8
27225.77
26806.98
27232.85
27060.8
27104.41
25730.52
27200.04
26359.59
26493.46
26489.46
25842.84
25920.86
25887.59
25910.03
25119.91
25585.43
26342.59
26520.01
26339.43
26781.82
28371.02
30059.71
29903.56
30605.59
30540.55
30457.7
30273.8
30709.78
30084.01
30459.1
30492.03
30589.05
30623.76
31154.04
30771.96
30502.92
29970.05
30320.04
30269.02
30164.49
30398.1
30621.56
30383.85
31446.3
30305.65
30275.68
30221.07
30158.01
29845.47
29932.56
29796.85
29907.92
29747.98
30060.75
29186.08
29242.03
29349.52
29209.65
29318.62
29356.22
29273.9
29225.93
29629.24
29151.7
29198.33
29113.38
29074.55
29086.65
29206.01
29766.72
29596.9
29455.74
29426.01
29430.07
29285.11
29430.95
29200.8
28736.49
26610.04
26058.26
26090.63
26180
26123.45
26048.09
26417.4
26141.53
26058.22
26021.02
26088.38
26127.89
27718.23
27316.23
25936.45
25816.57
25856.93
25980.6
25824.15
25788.7
25771.63
26200.96
25910.51
25893.13
25841.65
25143.63
25854.29
26222.02
26528.22
26627.69
26553.13
26531.4
26738.74
27211.2
27121.84
26556.98
26577.61
26580.66
26254.11
26308.45
26217.38
26368.04
27020.31
26910.69
26967.11
27978.1
27609.13
27419.23
27778.6
27422.6
27933
27958.62
27932.44
27584.1
27390.34
26844.46
26738.45
26841.72
26858.7
27146.62
28502.1
28407.42
28322.73
28695.97
29665.02
29894.16
29965.01
32941.46
33856
34464.23
34148.86
33910.02
34088.4
34535.58
34486.77
34650.03
35428.26
34918.05
34730.03
35019.68
35022.44
35019.43
35423.24
35680.29
36775.23
37321.14
37082.17
37035.03
36531.68
35540.04
37863.66
36223.54
36514.01
36559.41
37388.51
37465.89
35942.19
37448.77
37294.4
37710.8
37785.84
37478.11
37268.83
37776.89
37808.01
37715.02
38658.06
39460
39941.07
41995.8
44085.68
43714.53
43249.99
44199.33
43701.25
43762.68
41221.12
41512.61
42906.87
43004.17
41953.42
42244.61
41448.75
42666.06
42300.16
43645.95
43849.41
43948.89
43727.32
43017.9
43613.88
42519.8
43384.25
42592.06
42057.41
42198.85
42224.09
44122.03
44957.63
42818.03
44188.15
44112.11
43941.78
43850.46
46900.01
46082.08
46564.21
46356.96
42896.05
42840.02
41737.9
42611.43
43137.2
42764.71
41296.92
41627.16
41668.99
41549.91
39516.98
39873.77
40145.83
39929.16
41866.1
42112.7
42018.7
43269.41
42915.56
42611.24
43069.45
43189.15
42970.67
42609.98
42713.66
43105.15
44328.04
45315.99
47093.93
47760.23
48269.68
50017.36
49741.98
51819.74
51888.33
52121.96
51673.99
52119.06
51739.37
52278.15
51833
51339.49
50830.04
51549.1
51743.97
54454.91
57029.24
62497.28
61256.01
62481.07
62004.02
63099.99
68208.36
63971.07
66137.13
66903.82
68202.87
68513.59
68949.74
72094.44
71473.86
73087.95
71432.39
69532.18
65286.52
68650.08
67711.55
61981.15
67854.02
65476.17
63567.63
64238.03
67246.83
69901.99
70059.97
69529.85
70702.74
69850.52
69674.78
71216.98
69731.26
65448.35
66074.16
68461.23
67928.77
68904.86
69388.74
71631.77
69198.22
70513.6
70112.05
67208.21
64255.94
65582.95
63496.91
63679.78
61309.97
63418
63965.95
64857.99
64896.87
66818.89
66386.61
64291.07
64495.27
63806.23
63483.13
63059.25
63817.97
60761.95
58266.04
59134.5
62799.97
63880.04
64040.05
63197.19
62380.43
61220.05
63110.01
60887.95
60784.24
61549.96
62917.18
61602.22
66247.62
65249.97
67004.04
66914.58
66347.05
71418.17
70104.4
69224.99
67923.97
68534.95
69264.99
68552.6
69446.22
68397.44
67665.53
68375.98
67576.21
67747.95
67781.47
68808.7
70599
71131.93
70783.1
69375.8
69316.65
69657.34
69519.27
67345.04
68270.22
66771.55
66052.46
66198.06
66661.05
66491.14
65098.92
64950.06
64881.08
64097.29
64272.8
63290.43
60382.81
61789.98
60761.24
61646.05
60427.86
60964.17
62849.53
62889.92
62127.95
60294.75
57142
56691.34
58232.99
55878.38
56681.81
57995.99
57719.47
57381.96
57899.96
59174.19
60946.02
64819.37
65119.1
64120.47
63966.13
66648.03
67182.45
68071.99
67587.97
65914.55
65412.03
65750.02
67914.02
68045.98
68234.91
66810.03
66244.03
64665.98
65409.83
61487.05
60760.03
58074.85
54006
55982.04
55024.11
61837.93
60848.51
60875.98
58819.99
59342.02
60565.01
58730.93
57600
58902.1
59420.03
58525.95
59562.71
59056.01
61109.99
60386.02
63979.97
64107.98
64279.03
62866.04
59503.05
59034.65
59348.98
59158
58965.98
57341.08
59127.62
57544.01
57984.05
56170.04
53922.68
54188.32
54823.96
57031.98
57627.99
57364.02
58116.05
60575.47
59987.93
59198.11
58229.2
60303.5
61449.14
62953.98
63102.03
63389.92
63575.97
63332.69
64335.62
63165.61
65142.08
65762.47
65923.99
65668.25
63290
60888.04
60670.03
60776.01
62110.02
62084
62823.43
62300.75
62215.97
60647.99
60260.02
62410.61
63216.04
62806.34
66085.97
66984.04
67657.43
67363.67
68465.29
68394.04
68987.76
67440.04
67393.99
66745.54
68234.05
66637.8
67102.01
68029.34
69892.45
72782.82
72359.86
70340.01
69531.96
69319.96
68832.86
67792.92
69348.54
75567.57
75919.31
76544.78
76615.99
80409.97
88627.98
88164.77
90300.02
87347.45
90949.94
90543.67
89763.59
90549.34
92119.47
94174.71
98425.93
98851.49
97628.02
97867.46
93079.67
91993.22
95899.86
95632.03
97383.7
96436.01
97236.3
95807.6
95970.93
98730.99
97013.92
99798.48
99699.99
101215
97422.43
96628.01
101074
100041
101371
101364
104621
106010
106052
100368
97874.66
97691.36
97253.03
95136.87
94748.02
98805.9
99436
95830.42
94452.57
95204.07
93659.56
92811.03
93647.01
94610.14
96949.18
98126.64
98259.43
98394.57
102222
96916.64
95059.96
92406.11
94749.98
94595.97
94489.93
94474.29
96624.15
100280
100050
104119
104415
101378
101926
106198
103720
104039
104811
104816
102623
101986
101344
103705
104793
102391
100649
97584.89
101371
98027.99
96594.39
96586.85
96503.93
96544.97
96515.22
97372.05
95783.6
97799.93
96551.64
97483.36
97551.71
96126.98
95811.35
95532.97
96559.3
98386.99
96161.18
96551.04
96247.99
91453.66
88797.34
84000
84813.78
84501.01
86006.06
94233.81
86286.03
87322.12
90614.42
90056.86
86832.99
86159.9
80771.68
78794.69
82840.24
83887.28
81146.12
83957.61
84368.36
82576.96
84067.57
82799.03
86793.7
84304.83
84050.18
83798.13
85750.02
87365.98
87483.06
86945.41
87233.76
84428.01
82659.11
82345.82
82541.29
85216.81
82548.31
83199.95
83879.86
83582.03
78310.34
79261.19
76379.96
82619.88
79609.67
83520.03
85288.46
83693.1
84495.07
83677.65
84051.96
84931.22
84464.64
85127.56
85095.42
87525.71
93375.16
93565.02
93823.23
94718.46
94622.6
93762.21
95045.98
94294.56
94217.39
96452.41
96834.72
95896.3
94316.57
94732.44
96824.4
97032.32
103079
102976
104739
103960
102860
104227
103582
103715
103458
103181
106394
105600
106669
109625
111666
107190
107781
108862
109409
108957
107773
105689
104015
104703
105631
105843
105433
104731
101594
104302
105603
105661
110193
110229
108682
105868
106005
105430
105498
106936
104637
104708
104670
103284
101572
100827
105509
106000
107251
106943
107054
107304
108389
107071
105594
108847
109580
108023
108236
109240
108300
108947
111260
115977
117524
117400
119164
119847
117685
118628
119322
117870
117840
117182
117465
119845
118518
118298
117542
117893
119429
117883
117877
117800
115606
113362
112586
114176
115122
114179
114988
117462
116684
116497
119258
118775
120212
123374
118426
117229
117442
117410
116250
112785
114244
112430
116840
115419
113400
110167
111848
111194
112528
108466
108770
108232
109159
111185
111646
110707
110659
110200
111124
112085
111552
113967
115474
116065
115917
115309
115387
116736
116461
117102
115606
115679
115273
112628
112011
113291
108944
109660
109611
112120
114259
114023
118383
120536
122183
122348
123468
124735
121479
123315
121678
112938
110752
115100
115125
113150
110649
108060
106429
107130
108606
110556
108529
107617
110030
110982
111615
114480
114173
112955
110006
108234
109620
110053
110628
106569
101654
103906
101383
103445
102323
104753
105946
102984
101540
99790.5
94578.47
95570.93
94514.76
92147.19
92861.02
91467.91
86798.04
85155.8
84723.57
86808.22
88271.06
87388.48
90512.74
91293.26
90954.11
90822.83
90395.4
86277.99
91279.88
93637.68
92132.65
89289.7
89220.33
90180
90601.25
92735.96
92003.88
92467.35
90288.94
90251.97
88219.98
86406.04
87841.36
86081.94
85483.08
88134.07
88380.01
88599.97
88574.25
87434.6
87695.39
87259.28
87392.61
87852.06
87886.05
87257.17
88505.84
87641.1
88834.01
89931.76
90628
91427.2
93920.64
93705.2
91320.02
91049.99
90628.45
90567.12
90960.21
91239.68
95287.87
97031.73
95628.05
95562.17
95133.57
93745.7
92607.25
88443.48
89415.18
89538.8
89540.04
89326.15
86633.97
88402.02
89285.8
89261.08
84695.79
84265.89
78777
76993.58
78851.53
75727.65
73387.01
62951.51
70556.88
69341.96
70580.1
70162.1
68826.09
67026.03
66216.47
68867.24
69805.29
68766.15
68956.61
67514
66502.51
66955.63
68000.29
68007.47
67627.98
64601.04
64033.97
67932.96
67493.99
65869.63
66978.63
65720.04
68822.2
68300.94
72627.56
70875.4
68131.39
67276.32
66034.19
68453.04
69883.51
70197.2
70544.86
70932.7
71192.58
72698.8
74776.38
73956.47
71271.63
69912.17
70495.07
69056.12
67847.37
70840.6
70584.19
71343.02
68833.22
66376.77
66359.34
66044.39
66750.04
68285.53
68132.02
66859.68
66945.58
67305.08
69004.51
68853.71
71999.55
71102.44
71795.04
72931.33
73027.65
70713.04
74553.01
74058.17
74809.64
75051.01
77087.17
75705.81
73901.96
75862.59
76314.26
78203.42
78252.95
77445.04
77615.15
78692.81
77432.93
76363.3
75829.68
76359.21
78178.14
78673.99
78582.63
79849.36
80913.12
81437.29
80016.07
80181.06
80696.48
82182.67
81745.37
80485.37
79295.4
81068.75
79114.03
78153.69
77449.99
76969.33
76845.56
77538.4
77696.07
75561.4
76732.1
77101.79
77331.23
75921.92
74409.78
73553.92
73476.46
73867.98
73688.05
71439.79
66763.61
64147.44
63849.98
61007.29
60865.01
63173.87
63026.03
61683.59
61524.05
63623.35
63569.97
64420.05
65768.03
66338.49
65676.01
64494.01
62940.02
63347.94
64315.97
63290.62
64026.01
62729.4
61061.99
59827.96
60070
60059.96
59660.04
60232.05
58631.28
60072.88
61583.97
62597.01
63185.28
63598.51
64116.03
63386.03
62305.52
63264.1
64118.89
63892.54
63785.94
62322.23
65011.21
64791.54
63870.47
63958.28
64807.31
64680.13
65168.01
66551.98
66062.51
65073.07
64150.03
64363.38
65417.88
63758.02
63895.72
63996
64779.94
62875.38
62818
63512.05
63500.26
64126.87
64673.4
64304.7
64917.69
64961
64885.95
63951.457898733985
63612.15
63420.83
63404.69
63044.06
63086.6
62892.06
64527.57
64744.83
69202.02
73108.03
78315.17
77095.28
77617.41
78865.99
78486.01
79052.19
80287.54
77738.84
78225.61
77564.9
78554.03
77472.45
77290.07
81283.39
79619.71
79852.03
80426
79150.03
78420.94
78295.14